distortion:
- - 0.04870436308345258
- - -0.1996687262527378
- - 0.33130162755858994
- - -0.013528425747559927
internal_reference:
- - 541.6131481124081
  - -0.000026041532672611438
  - 987.4159445766796
- - 0.0
  - 540.5058351204194
  - 518.645272168111
- - 0.0
  - 0.0
  - 1.0
