distortion:
- - 0.18431405228940634
- - -0.45938052862629825
- - 0.5098640578380081
- - -0.18432882570589842
internal_reference:
- - 531.4484721979082
  - 0.0
  - 998.9267156724891
- - 0.0
  - 538.0836561620265
  - 480.27192219531855
- - 0.0
  - 0.0
  - 1.0
